36
17
9
15
28
26
23
18
16
38
72
20
15
6
13
19
6
16
24
6
17
25
41
0
11
10
35
4
6
3
3
2
7
10
0
0
0
1
2
0
0
0
0
1
2
0
1
3
23
29
52
2
38
68
44
91
108
48
79
22
0
87
0
136
163
19
144
135
114
69
9
34
62
25
198
247
438
47
40
70
15
27
159
117
152
310
142
368
976
1637
533
348
154
175
48
216
392
251
106
143
94
153
120
155
82
60
146
69
13
475
498
652
99
177
373
315
32
94
90
100
195
193
110
108
80
142
153
241
104
146
154
167
171
95
99
65
52
13
8
48
73
78
75
61
52
22
12
19
49
49
75
89
28
1
73
69
80
362
14
6
229
256
233
291
26
6
19
14
33
32
27
44
111
86
95
50
58
50
28
128
104
99
68
74
434
350
271
2
72
171
175
25
182
146
118
163
33
180
74
265
166
43
241
121
136
222
27
72
43
68
27
93
86
21
18
45
25
36
40
104
45
41
16
0
67
17
