20349
57
41
40
49
88
56
48
78
101
184
83
58
33
70
62
34
109
85
85
91
222
194
4
77
120
231
98
33
79
27
46
35
32
4
4
8
11
15
8
8
8
11
11
11
11
11
11
62
48
87
29
65
190
79
281
248
104
172
77
101
99
63
295
166
84
138
88
154
102
44
75
104
71
207
143
402
84
173
165
70
59
157
189
183
308
117
231
371
366
363
189
129
110
106
210
363
331
110
206
137
109
219
121
70
101
115
38
45
671
595
780
79
177
409
278
86
115
93
152
160
186
115
130
126
146
142
264
112
152
119
232
155
111
114
52
48
45
49
49
64
63
111
55
50
68
68
62
85
61
124
103
57
57
58
82
84
407
90
83
468
665
393
347
65
52
49
109
85
72
67
115
260
104
188
56
58
57
68
174
52
81
59
144
541
432
342
48
122
146
450
256
439
415
166
202
62
311
72
323
280
70
465
243
289
310
80
264
147
111
47
94
222
101
67
73
77
74
107
146
85
227
75
53
107
54
100
